(*
   Program:   BACSimulate v2.31
   Filename:  ".\BAC.e01\e01-Or_S_sa_h_wl_ih_d_multiZapprox0.txt"
   Created:   28-Jan-2011, 18:12:03
   
   ***  Discrete system matrices (plant)  ***
        discrTimeStep = 1 h
*)

MATRIX "A"   NODATA_STR NaN   N_ROWS 12   N_COLS 12 
0.0040994	0.23311	0.012046	0.046394	0.19637	0.010607	0.19495	0.11148	0.07696	0.0078285	0.059885	0.022015
0.0037621	0.90879	0.023831	0.0051923	0.015779	0.0029944	0.02059	0.0069606	0.0030406	0.0017578	0.0046027	0.00087857
0.00016961	0.020791	0.74241	0.20243	0.032232	0.0011908	0.00045936	0.00010641	3.2149e-005	5.4881e-005	7.9662e-005	9.4773e-006
0.00065427	0.0045373	0.20275	0.58725	0.19359	0.0075961	0.0020945	0.00052281	0.00016605	0.00023415	0.00038448	4.88e-005
0.0027692	0.013788	0.032285	0.19359	0.69845	0.030163	0.015232	0.0050196	0.0020893	0.0013146	0.003368	0.00060473
0.0030771	0.053828	0.024535	0.15626	0.62049	0.02724	0.049545	0.024253	0.014602	0.0025949	0.01393	0.0041753
0.0053145	0.028619	0.00068231	0.0031331	0.024006	0.0043217	0.45167	0.27122	0.19701	0.0025731	0.0071755	0.0014393
0.0052405	0.020275	0.00035527	0.0017427	0.016732	0.0039298	0.33669	0.28945	0.31563	0.0022561	0.0049406	0.00078676
0.0053145	0.028619	0.00068231	0.0031331	0.024006	0.0043217	0.22337	0.27122	0.42531	0.0025731	0.0071755	0.0014393
0.0038933	0.054168	0.0019385	0.0082574	0.046358	0.0044484	0.051973	0.023869	0.013501	0.056465	0.51848	0.20946
0.0035759	0.01703	0.00033786	0.001628	0.014261	0.0028672	0.019368	0.0062759	0.0025539	0.062253	0.58678	0.27868
0.0013146	0.0032508	4.0194e-005	0.00020663	0.0025606	0.00085941	0.004087	0.0009994	0.00031023	0.025149	0.27868	0.669

MATRIX "Bu"   NODATA_STR NaN   N_ROWS 12   N_COLS 6 
0	0.047016	0.01062	-0.01062	0	0.047016
0	0.0035455	0.00066609	-0.00066609	0	0.0035455
0	6.7561e-005	0.00011678	-0.00011678	0	6.7561e-005
0	0.00031558	0.00114	-0.00114	0	0.00031558
0	0.0025808	0.0089572	-0.0089572	0	0.0025808
0	0.01062	0.03485	-0.03485	0	0.01062
0	0.0055051	0.0010484	-0.0010484	0	0.0055051
0	0.0038535	0.0006891	-0.0006891	0	0.0038535
0	0.0055051	0.0010484	-0.0010484	0	0.0055051
0	0.01065	0.0022348	-0.0022348	0	0.01065
0	0.0032522	0.00060038	-0.00060038	0	0.0032522
0	0.00061113	0.00010002	-0.00010002	0	0.00061113

MATRIX "Bv"   NODATA_STR NaN   N_ROWS 12   N_COLS 8 
0.047016	0	0	0	0.047016	0.047016	0.024259	0
0.0035455	0	0	0	0.0035455	0.0035455	0.001821	0
6.7561e-005	0	0	0	6.7561e-005	6.7561e-005	3.4649e-005	0
0.00031558	0	0	0	0.00031558	0.00031558	0.00016187	0
0.0025808	0	0	0	0.0025808	0.0025808	0.0013251	0
0.01062	0	0	0	0.01062	0.01062	0.005469	0
0.0055051	0	0	0	0.0055051	0.0055051	0.0028281	0
0.0038535	0	0	0	0.0038535	0.0038535	0.0019777	0
0.0055051	0	0	0	0.0055051	0.0055051	0.0028281	0
0.01065	0	0	0	0.01065	0.01065	0.0071925	0
0.0032522	0	0	0	0.0032522	0.0032522	0.0043808	0
0.00061113	0	0	0	0.00061113	0.00061113	0.013534	0

MATRIX "Bvu1"   NODATA_STR NaN   N_ROWS 12   N_COLS 8 
0	0.047016	0	0	0	0	0.00054392	0
0	0.0035455	0	0	0	0	4.1018e-005	0
0	6.7561e-005	0	0	0	0	7.8161e-007	0
0	0.00031558	0	0	0	0	3.651e-006	0
0	0.0025808	0	0	0	0	2.9857e-005	0
0	0.01062	0	0	0	0	0.00012286	0
0	0.0055051	0	0	0	0	6.3688e-005	0
0	0.0038535	0	0	0	0	4.4581e-005	0
0	0.0055051	0	0	0	0	6.3688e-005	0
0	0.01065	0	0	0	0	0.0001232	0
0	0.0032522	0	0	0	0	3.7624e-005	0
0	0.00061113	0	0	0	0	7.0702e-006	0

MATRIX "Bvu2"   NODATA_STR NaN   N_ROWS 12   N_COLS 8 
0	0	0	0	0	0	0	0
0	0	0	0	0	0	0	0
0	0	0	0	0	0	0	0
0	0	0	0	0	0	0	0
0	0	0	0	0	0	0	0
0	0	0	0	0	0	0	0
0	0	0	0	0	0	0	0
0	0	0	0	0	0	0	0
0	0	0	0	0	0	0	0
0	0	0	0	0	0	0	0
0	0	0	0	0	0	0	0
0	0	0	0	0	0	0	0

MATRIX "Bvu3"   NODATA_STR NaN   N_ROWS 12   N_COLS 8 
0	0	0	0	0	0	0	0
0	0	0	0	0	0	0	0
0	0	0	0	0	0	0	0
0	0	0	0	0	0	0	0
0	0	0	0	0	0	0	0
0	0	0	0	0	0	0	0
0	0	0	0	0	0	0	0
0	0	0	0	0	0	0	0
0	0	0	0	0	0	0	0
0	0	0	0	0	0	0	0
0	0	0	0	0	0	0	0
0	0	0	0	0	0	0	0

MATRIX "Bvu4"   NODATA_STR NaN   N_ROWS 12   N_COLS 8 
0	0	0	0	0	0	0	0
0	0	0	0	0	0	0	0
0	0	0	0	0	0	0	0
0	0	0	0	0	0	0	0
0	0	0	0	0	0	0	0
0	0	0	0	0	0	0	0
0	0	0	0	0	0	0	0
0	0	0	0	0	0	0	0
0	0	0	0	0	0	0	0
0	0	0	0	0	0	0	0
0	0	0	0	0	0	0	0
0	0	0	0	0	0	0	0

MATRIX "Bvu5"   NODATA_STR NaN   N_ROWS 12   N_COLS 8 
0	0	0	0	0	0	0	0.03662
0	0	0	0	0	0	0	0.0022969
0	0	0	0	0	0	0	0.00040269
0	0	0	0	0	0	0	0.003931
0	0	0	0	0	0	0	0.030887
0	0	0	0	0	0	0	0.12017
0	0	0	0	0	0	0	0.0036152
0	0	0	0	0	0	0	0.0023762
0	0	0	0	0	0	0	0.0036152
0	0	0	0	0	0	0	0.0077062
0	0	0	0	0	0	0	0.0020703
0	0	0	0	0	0	0	0.00034489

MATRIX "Bvu6"   NODATA_STR NaN   N_ROWS 12   N_COLS 8 
0	0	0	0	0	0	0	0
0	0	0	0	0	0	0	0
0	0	0	0	0	0	0	0
0	0	0	0	0	0	0	0
0	0	0	0	0	0	0	0
0	0	0	0	0	0	0	0
0	0	0	0	0	0	0	0
0	0	0	0	0	0	0	0
0	0	0	0	0	0	0	0
0	0	0	0	0	0	0	0
0	0	0	0	0	0	0	0
0	0	0	0	0	0	0	0

MATRIX "Bxu1"   NODATA_STR NaN   N_ROWS 12   N_COLS 12 
-0.00054392	0	0	0	0	0	0	0	0	0	0	0
-4.1018e-005	0	0	0	0	0	0	0	0	0	0	0
-7.8161e-007	0	0	0	0	0	0	0	0	0	0	0
-3.651e-006	0	0	0	0	0	0	0	0	0	0	0
-2.9857e-005	0	0	0	0	0	0	0	0	0	0	0
-0.00012286	0	0	0	0	0	0	0	0	0	0	0
-6.3688e-005	0	0	0	0	0	0	0	0	0	0	0
-4.4581e-005	0	0	0	0	0	0	0	0	0	0	0
-6.3688e-005	0	0	0	0	0	0	0	0	0	0	0
-0.0001232	0	0	0	0	0	0	0	0	0	0	0
-3.7624e-005	0	0	0	0	0	0	0	0	0	0	0
-7.0702e-006	0	0	0	0	0	0	0	0	0	0	0

MATRIX "Bxu2"   NODATA_STR NaN   N_ROWS 12   N_COLS 12 
0	0	0	0	0	0	0	0	0	0	0	0
0	0	0	0	0	0	0	0	0	0	0	0
0	0	0	0	0	0	0	0	0	0	0	0
0	0	0	0	0	0	0	0	0	0	0	0
0	0	0	0	0	0	0	0	0	0	0	0
0	0	0	0	0	0	0	0	0	0	0	0
0	0	0	0	0	0	0	0	0	0	0	0
0	0	0	0	0	0	0	0	0	0	0	0
0	0	0	0	0	0	0	0	0	0	0	0
0	0	0	0	0	0	0	0	0	0	0	0
0	0	0	0	0	0	0	0	0	0	0	0
0	0	0	0	0	0	0	0	0	0	0	0

MATRIX "Bxu3"   NODATA_STR NaN   N_ROWS 12   N_COLS 12 
0	0	0	0	0	0	0	0	0	0	0	0
0	0	0	0	0	0	0	0	0	0	0	0
0	0	0	0	0	0	0	0	0	0	0	0
0	0	0	0	0	0	0	0	0	0	0	0
0	0	0	0	0	0	0	0	0	0	0	0
0	0	0	0	0	0	0	0	0	0	0	0
0	0	0	0	0	0	0	0	0	0	0	0
0	0	0	0	0	0	0	0	0	0	0	0
0	0	0	0	0	0	0	0	0	0	0	0
0	0	0	0	0	0	0	0	0	0	0	0
0	0	0	0	0	0	0	0	0	0	0	0
0	0	0	0	0	0	0	0	0	0	0	0

MATRIX "Bxu4"   NODATA_STR NaN   N_ROWS 12   N_COLS 12 
0	0	0	0	0	0	0	0	0	0	0	0
0	0	0	0	0	0	0	0	0	0	0	0
0	0	0	0	0	0	0	0	0	0	0	0
0	0	0	0	0	0	0	0	0	0	0	0
0	0	0	0	0	0	0	0	0	0	0	0
0	0	0	0	0	0	0	0	0	0	0	0
0	0	0	0	0	0	0	0	0	0	0	0
0	0	0	0	0	0	0	0	0	0	0	0
0	0	0	0	0	0	0	0	0	0	0	0
0	0	0	0	0	0	0	0	0	0	0	0
0	0	0	0	0	0	0	0	0	0	0	0
0	0	0	0	0	0	0	0	0	0	0	0

MATRIX "Bxu5"   NODATA_STR NaN   N_ROWS 12   N_COLS 12 
0	0	0	0	0	-0.03662	0	0	0	0	0	0
0	0	0	0	0	-0.0022969	0	0	0	0	0	0
0	0	0	0	0	-0.00040269	0	0	0	0	0	0
0	0	0	0	0	-0.003931	0	0	0	0	0	0
0	0	0	0	0	-0.030887	0	0	0	0	0	0
0	0	0	0	0	-0.12017	0	0	0	0	0	0
0	0	0	0	0	-0.0036152	0	0	0	0	0	0
0	0	0	0	0	-0.0023762	0	0	0	0	0	0
0	0	0	0	0	-0.0036152	0	0	0	0	0	0
0	0	0	0	0	-0.0077062	0	0	0	0	0	0
0	0	0	0	0	-0.0020703	0	0	0	0	0	0
0	0	0	0	0	-0.00034489	0	0	0	0	0	0

MATRIX "Bxu6"   NODATA_STR NaN   N_ROWS 12   N_COLS 12 
0	0	0	0	0	0	0	0	0	0	0	0
0	0	0	0	0	0	0	0	0	0	0	0
0	0	0	0	0	0	0	0	0	0	0	0
0	0	0	0	0	0	0	0	0	0	0	0
0	0	0	0	0	0	0	0	0	0	0	0
0	0	0	0	0	0	0	0	0	0	0	0
0	0	0	0	0	0	0	0	0	0	0	0
0	0	0	0	0	0	0	0	0	0	0	0
0	0	0	0	0	0	0	0	0	0	0	0
0	0	0	0	0	0	0	0	0	0	0	0
0	0	0	0	0	0	0	0	0	0	0	0
0	0	0	0	0	0	0	0	0	0	0	0

MATRIX "C"   NODATA_STR NaN   N_ROWS 3   N_COLS 12 
1	0	0	0	0	0	0	0	0	0	0	0
0	0	0	0	0	0	0	0	0	0	0	0
0.075562	0	0	0	0	0.92444	0	0	0	0	0	0

MATRIX "Du"   NODATA_STR NaN   N_ROWS 3   N_COLS 6 
0	0	0	0	0	0
0	70	0	0	0	0
0	0	0	0	0	0

MATRIX "Dv"   NODATA_STR NaN   N_ROWS 3   N_COLS 8 
0	0	0	0	0	0	0	0
0	0	1	0	0	0	0	0
0	0	0	0	0	0	0	0

MATRIX "Dvu1"   NODATA_STR NaN   N_ROWS 3   N_COLS 8 
0	0	0	0	0	0	0	0
0	0	0	1	0	0	0	0
0	0	0	0	0	0	0	0

MATRIX "Dvu2"   NODATA_STR NaN   N_ROWS 3   N_COLS 8 
0	0	0	0	0	0	0	0
0	0	0	0	0	0	0	0
0	0	0	0	0	0	0	0

MATRIX "Dvu3"   NODATA_STR NaN   N_ROWS 3   N_COLS 8 
0	0	0	0	0	0	0	0
0	0	0	0	0	0	0	0
0	0	0	0	0	0	0	0

MATRIX "Dvu4"   NODATA_STR NaN   N_ROWS 3   N_COLS 8 
0	0	0	0	0	0	0	0
0	0	0	0	0	0	0	0
0	0	0	0	0	0	0	0

MATRIX "Dvu5"   NODATA_STR NaN   N_ROWS 3   N_COLS 8 
0	0	0	0	0	0	0	0
0	0	0	0	0	0	0	0
0	0	0	0	0	0	0	0

MATRIX "Dvu6"   NODATA_STR NaN   N_ROWS 3   N_COLS 8 
0	0	0	0	0	0	0	0
0	0	0	0	0	0	0	0
0	0	0	0	0	0	0	0
