(*
   Program:   BACSimulate v2.31
   Filename:  ".\BAC.e01\e01-Or_S_pa_h_wh_ih_d_multiZapprox0.txt"
   Created:   28-Jan-2011, 18:11:14
   
   ***  Discrete system matrices (plant)  ***
        discrTimeStep = 1 h
*)

MATRIX "A"   NODATA_STR NaN   N_ROWS 12   N_COLS 12 
0.0044438	0.25056	0.012907	0.04978	0.21113	0.011417	0.20969	0.11981	0.082579	0.0016009	0.019168	0.0075633
0.0040436	0.91013	0.02386	0.0053269	0.016898	0.0032161	0.022096	0.0074605	0.0032531	0.00035752	0.0015843	0.00031681
0.00018173	0.020816	0.74241	0.20243	0.032251	0.0011981	0.00049132	0.00011365	3.4279e-005	1.1794e-005	2.9136e-005	3.5742e-006
0.00070202	0.0046549	0.20276	0.58726	0.19369	0.0076273	0.0022427	0.00055887	0.00017714	4.9393e-005	0.00013895	1.8308e-005
0.0029774	0.014767	0.032304	0.19369	0.69927	0.030328	0.016347	0.0053793	0.0022345	0.00026594	0.0011634	0.00021947
0.003312	0.057814	0.024687	0.15691	0.6239	0.027528	0.053263	0.02605	0.015657	0.00052207	0.0045397	0.0014542
0.0057126	0.030701	0.00072964	0.0033537	0.025753	0.0046433	0.45397	0.27201	0.19737	0.00052186	0.0024553	0.00051678
0.0056319	0.021731	0.00037946	0.0018629	0.017931	0.004221	0.33841	0.28996	0.31581	0.00046194	0.0017329	0.0002887
0.0057126	0.030701	0.00072964	0.0033537	0.025753	0.0046433	0.22567	0.27201	0.42566	0.00052186	0.0024553	0.00051678
0.0041798	0.057841	0.0021872	0.0091448	0.049236	0.0046986	0.054717	0.025658	0.014995	0.035658	0.51254	0.22449
0.004006	0.020517	0.00043249	0.0020592	0.017241	0.0032705	0.023007	0.0077044	0.0032473	0.041026	0.5917	0.28389
0.0015807	0.0041028	5.3055e-005	0.00027132	0.0032525	0.0010476	0.0051166	0.0012836	0.00040928	0.01797	0.28389	0.6788

MATRIX "Bu"   NODATA_STR NaN   N_ROWS 12   N_COLS 6 
0	0.050522	0.011407	-0.011407	0	0.050522
0	0.0038021	0.00071388	-0.00071388	0	0.0038021
0	7.2226e-005	0.00011752	-0.00011752	0	7.2226e-005
0	0.00033769	0.0011436	-0.0011436	0	0.00033769
0	0.0027675	0.0089916	-0.0089916	0	0.0027675
0	0.011407	0.035018	-0.035018	0	0.011407
0	0.0059047	0.001124	-0.001124	0	0.0059047
0	0.0041298	0.00073804	-0.00073804	0	0.0041298
0	0.0059047	0.001124	-0.001124	0	0.0059047
0	0.011408	0.0024116	-0.0024116	0	0.011408
0	0.0039273	0.00073436	-0.00073436	0	0.0039273
0	0.00077226	0.00012784	-0.00012784	0	0.00077226

MATRIX "Bv"   NODATA_STR NaN   N_ROWS 12   N_COLS 8 
0.050522	0	0	0	0.050522	0.050522	0.019356	0
0.0038021	0	0	0	0.0038021	0.0038021	0.0014562	0
7.2226e-005	0	0	0	7.2226e-005	7.2226e-005	2.766e-005	0
0.00033769	0	0	0	0.00033769	0.00033769	0.00012933	0
0.0027675	0	0	0	0.0027675	0.0027675	0.00106	0
0.011407	0	0	0	0.011407	0.011407	0.0043696	0
0.0059047	0	0	0	0.0059047	0.0059047	0.0022616	0
0.0041298	0	0	0	0.0041298	0.0041298	0.0015817	0
0.0059047	0	0	0	0.0059047	0.0059047	0.0022616	0
0.011408	0	0	0	0.011408	0.011408	0.0046531	0
0.0039273	0	0	0	0.0039273	0.0039273	0.0019019	0
0.00077226	0	0	0	0.00077226	0.00077226	0.0022192	0

MATRIX "Bvu1"   NODATA_STR NaN   N_ROWS 12   N_COLS 8 
0	0.050522	0	0	0	0	0.00010073	0
0	0.0038021	0	0	0	0	7.5806e-006	0
0	7.2226e-005	0	0	0	0	1.44e-007	0
0	0.00033769	0	0	0	0	6.7327e-007	0
0	0.0027675	0	0	0	0	5.5177e-006	0
0	0.011407	0	0	0	0	2.2742e-005	0
0	0.0059047	0	0	0	0	1.1773e-005	0
0	0.0041298	0	0	0	0	8.2338e-006	0
0	0.0059047	0	0	0	0	1.1773e-005	0
0	0.011408	0	0	0	0	2.2745e-005	0
0	0.0039273	0	0	0	0	7.8301e-006	0
0	0.00077226	0	0	0	0	1.5397e-006	0

MATRIX "Bvu2"   NODATA_STR NaN   N_ROWS 12   N_COLS 8 
0	0	0	0	0	0	0	0
0	0	0	0	0	0	0	0
0	0	0	0	0	0	0	0
0	0	0	0	0	0	0	0
0	0	0	0	0	0	0	0
0	0	0	0	0	0	0	0
0	0	0	0	0	0	0	0
0	0	0	0	0	0	0	0
0	0	0	0	0	0	0	0
0	0	0	0	0	0	0	0
0	0	0	0	0	0	0	0
0	0	0	0	0	0	0	0

MATRIX "Bvu3"   NODATA_STR NaN   N_ROWS 12   N_COLS 8 
0	0	0	0	0	0	0	0
0	0	0	0	0	0	0	0
0	0	0	0	0	0	0	0
0	0	0	0	0	0	0	0
0	0	0	0	0	0	0	0
0	0	0	0	0	0	0	0
0	0	0	0	0	0	0	0
0	0	0	0	0	0	0	0
0	0	0	0	0	0	0	0
0	0	0	0	0	0	0	0
0	0	0	0	0	0	0	0
0	0	0	0	0	0	0	0

MATRIX "Bvu4"   NODATA_STR NaN   N_ROWS 12   N_COLS 8 
0	0	0	0	0	0	0	0
0	0	0	0	0	0	0	0
0	0	0	0	0	0	0	0
0	0	0	0	0	0	0	0
0	0	0	0	0	0	0	0
0	0	0	0	0	0	0	0
0	0	0	0	0	0	0	0
0	0	0	0	0	0	0	0
0	0	0	0	0	0	0	0
0	0	0	0	0	0	0	0
0	0	0	0	0	0	0	0
0	0	0	0	0	0	0	0

MATRIX "Bvu5"   NODATA_STR NaN   N_ROWS 12   N_COLS 8 
0	0	0	0	0	0	0	0.039333
0	0	0	0	0	0	0	0.0024617
0	0	0	0	0	0	0	0.00040523
0	0	0	0	0	0	0	0.0039434
0	0	0	0	0	0	0	0.031006
0	0	0	0	0	0	0	0.12075
0	0	0	0	0	0	0	0.0038757
0	0	0	0	0	0	0	0.002545
0	0	0	0	0	0	0	0.0038757
0	0	0	0	0	0	0	0.008316
0	0	0	0	0	0	0	0.0025323
0	0	0	0	0	0	0	0.00044082

MATRIX "Bvu6"   NODATA_STR NaN   N_ROWS 12   N_COLS 8 
0	0	0	0	0	0	0	0
0	0	0	0	0	0	0	0
0	0	0	0	0	0	0	0
0	0	0	0	0	0	0	0
0	0	0	0	0	0	0	0
0	0	0	0	0	0	0	0
0	0	0	0	0	0	0	0
0	0	0	0	0	0	0	0
0	0	0	0	0	0	0	0
0	0	0	0	0	0	0	0
0	0	0	0	0	0	0	0
0	0	0	0	0	0	0	0

MATRIX "Bxu1"   NODATA_STR NaN   N_ROWS 12   N_COLS 12 
-0.00010073	0	0	0	0	0	0	0	0	0	0	0
-7.5806e-006	0	0	0	0	0	0	0	0	0	0	0
-1.44e-007	0	0	0	0	0	0	0	0	0	0	0
-6.7327e-007	0	0	0	0	0	0	0	0	0	0	0
-5.5177e-006	0	0	0	0	0	0	0	0	0	0	0
-2.2742e-005	0	0	0	0	0	0	0	0	0	0	0
-1.1773e-005	0	0	0	0	0	0	0	0	0	0	0
-8.2338e-006	0	0	0	0	0	0	0	0	0	0	0
-1.1773e-005	0	0	0	0	0	0	0	0	0	0	0
-2.2745e-005	0	0	0	0	0	0	0	0	0	0	0
-7.8301e-006	0	0	0	0	0	0	0	0	0	0	0
-1.5397e-006	0	0	0	0	0	0	0	0	0	0	0

MATRIX "Bxu2"   NODATA_STR NaN   N_ROWS 12   N_COLS 12 
0	0	0	0	0	0	0	0	0	0	0	0
0	0	0	0	0	0	0	0	0	0	0	0
0	0	0	0	0	0	0	0	0	0	0	0
0	0	0	0	0	0	0	0	0	0	0	0
0	0	0	0	0	0	0	0	0	0	0	0
0	0	0	0	0	0	0	0	0	0	0	0
0	0	0	0	0	0	0	0	0	0	0	0
0	0	0	0	0	0	0	0	0	0	0	0
0	0	0	0	0	0	0	0	0	0	0	0
0	0	0	0	0	0	0	0	0	0	0	0
0	0	0	0	0	0	0	0	0	0	0	0
0	0	0	0	0	0	0	0	0	0	0	0

MATRIX "Bxu3"   NODATA_STR NaN   N_ROWS 12   N_COLS 12 
0	0	0	0	0	0	0	0	0	0	0	0
0	0	0	0	0	0	0	0	0	0	0	0
0	0	0	0	0	0	0	0	0	0	0	0
0	0	0	0	0	0	0	0	0	0	0	0
0	0	0	0	0	0	0	0	0	0	0	0
0	0	0	0	0	0	0	0	0	0	0	0
0	0	0	0	0	0	0	0	0	0	0	0
0	0	0	0	0	0	0	0	0	0	0	0
0	0	0	0	0	0	0	0	0	0	0	0
0	0	0	0	0	0	0	0	0	0	0	0
0	0	0	0	0	0	0	0	0	0	0	0
0	0	0	0	0	0	0	0	0	0	0	0

MATRIX "Bxu4"   NODATA_STR NaN   N_ROWS 12   N_COLS 12 
0	0	0	0	0	0	0	0	0	0	0	0
0	0	0	0	0	0	0	0	0	0	0	0
0	0	0	0	0	0	0	0	0	0	0	0
0	0	0	0	0	0	0	0	0	0	0	0
0	0	0	0	0	0	0	0	0	0	0	0
0	0	0	0	0	0	0	0	0	0	0	0
0	0	0	0	0	0	0	0	0	0	0	0
0	0	0	0	0	0	0	0	0	0	0	0
0	0	0	0	0	0	0	0	0	0	0	0
0	0	0	0	0	0	0	0	0	0	0	0
0	0	0	0	0	0	0	0	0	0	0	0
0	0	0	0	0	0	0	0	0	0	0	0

MATRIX "Bxu5"   NODATA_STR NaN   N_ROWS 12   N_COLS 12 
0	0	0	0	0	-0.039333	0	0	0	0	0	0
0	0	0	0	0	-0.0024617	0	0	0	0	0	0
0	0	0	0	0	-0.00040523	0	0	0	0	0	0
0	0	0	0	0	-0.0039434	0	0	0	0	0	0
0	0	0	0	0	-0.031006	0	0	0	0	0	0
0	0	0	0	0	-0.12075	0	0	0	0	0	0
0	0	0	0	0	-0.0038757	0	0	0	0	0	0
0	0	0	0	0	-0.002545	0	0	0	0	0	0
0	0	0	0	0	-0.0038757	0	0	0	0	0	0
0	0	0	0	0	-0.008316	0	0	0	0	0	0
0	0	0	0	0	-0.0025323	0	0	0	0	0	0
0	0	0	0	0	-0.00044082	0	0	0	0	0	0

MATRIX "Bxu6"   NODATA_STR NaN   N_ROWS 12   N_COLS 12 
0	0	0	0	0	0	0	0	0	0	0	0
0	0	0	0	0	0	0	0	0	0	0	0
0	0	0	0	0	0	0	0	0	0	0	0
0	0	0	0	0	0	0	0	0	0	0	0
0	0	0	0	0	0	0	0	0	0	0	0
0	0	0	0	0	0	0	0	0	0	0	0
0	0	0	0	0	0	0	0	0	0	0	0
0	0	0	0	0	0	0	0	0	0	0	0
0	0	0	0	0	0	0	0	0	0	0	0
0	0	0	0	0	0	0	0	0	0	0	0
0	0	0	0	0	0	0	0	0	0	0	0
0	0	0	0	0	0	0	0	0	0	0	0

MATRIX "C"   NODATA_STR NaN   N_ROWS 3   N_COLS 12 
1	0	0	0	0	0	0	0	0	0	0	0
0	0	0	0	0	0	0	0	0	0	0	0
0.075562	0	0	0	0	0.92444	0	0	0	0	0	0

MATRIX "Du"   NODATA_STR NaN   N_ROWS 3   N_COLS 6 
0	0	0	0	0	0
0	70	0	0	0	0
0	0	0	0	0	0

MATRIX "Dv"   NODATA_STR NaN   N_ROWS 3   N_COLS 8 
0	0	0	0	0	0	0	0
0	0	1	0	0	0	0	0
0	0	0	0	0	0	0	0

MATRIX "Dvu1"   NODATA_STR NaN   N_ROWS 3   N_COLS 8 
0	0	0	0	0	0	0	0
0	0	0	1	0	0	0	0
0	0	0	0	0	0	0	0

MATRIX "Dvu2"   NODATA_STR NaN   N_ROWS 3   N_COLS 8 
0	0	0	0	0	0	0	0
0	0	0	0	0	0	0	0
0	0	0	0	0	0	0	0

MATRIX "Dvu3"   NODATA_STR NaN   N_ROWS 3   N_COLS 8 
0	0	0	0	0	0	0	0
0	0	0	0	0	0	0	0
0	0	0	0	0	0	0	0

MATRIX "Dvu4"   NODATA_STR NaN   N_ROWS 3   N_COLS 8 
0	0	0	0	0	0	0	0
0	0	0	0	0	0	0	0
0	0	0	0	0	0	0	0

MATRIX "Dvu5"   NODATA_STR NaN   N_ROWS 3   N_COLS 8 
0	0	0	0	0	0	0	0
0	0	0	0	0	0	0	0
0	0	0	0	0	0	0	0

MATRIX "Dvu6"   NODATA_STR NaN   N_ROWS 3   N_COLS 8 
0	0	0	0	0	0	0	0
0	0	0	0	0	0	0	0
0	0	0	0	0	0	0	0
